$ 1 0.000005 0.7389056098930651 33 5 43
157 544 64 560 64 0 7 0 1
! deshift 0 8,4,2,1 a,b,c,d,e,f,g deshift 1001\q0000100\n1000\q0000000\n0111\q0001111\n0110\q0100000\n0101\q0100100\n0100\q1001100\n0011\q0000110\n0010\q0010010\n0001\q1001111\n0000\q0000001\n1010\q0001000\n1011\q1100000\n1100\q0110001\n1101\q1000010\n1110\q0110000\n1111\q0111000\n
208 304 64 352 64 0 deshift 0 0 0 0 0 0 5
151 -80 160 32 160 0 2 0 5
s -80 144 -176 144 0 1 true
g -176 144 -176 176 0
r -80 144 -80 32 0 10000
R -80 32 -144 32 0 0 40 5 0 0 0.5
151 -80 304 32 304 0 2 5 5
w 32 160 32 208 0
w 32 208 -80 240 0
w -80 240 -80 288 0
w -80 176 -80 208 0
w -80 208 32 256 0
w 32 256 32 304 0
w 32 160 80 160 0
w -80 320 -144 320 0
w -144 320 -144 480 0
g -288 624 -336 624 0
s -192 624 -288 624 0 1 true
r -144 480 -224 480 0 10000
R -224 480 -224 432 0 0 40 5 0 0 0.5
w 32 304 80 304 0
162 80 304 160 304 2 default-led 1 0 0 0.01
R 160 304 160 368 0 0 40 5 0 0 0.5
w 80 160 208 160 0
w 80 384 208 384 0
R 160 528 160 592 0 0 40 5 0 0 0.5
162 80 528 160 528 2 default-led 1 0 0 0.01
w 32 528 80 528 0
w -80 544 -144 544 0
w 32 384 80 384 0
w 32 480 32 528 0
w -80 432 32 480 0
w -80 400 -80 432 0
w -80 464 -80 512 0
w 32 432 -80 464 0
w 32 384 32 432 0
151 -80 528 32 528 0 2 5 5
R -208 256 -272 256 0 0 40 5 0 0 0.5
r -208 368 -208 256 0 10000
g -304 368 -304 400 0
s -208 368 -304 368 0 1 true
151 -80 384 32 384 0 2 0 5
w -144 480 -144 544 0
w -80 368 -208 368 0
w -144 544 -144 624 0
w -144 624 -192 624 0
R 96 768 96 832 0 0 40 5 0 0 0.5
162 16 768 96 768 2 default-led 1 0 0 0.01
w -144 912 -144 624 0
w 16 736 96 736 0
s -176 800 -304 800 0 1 true
w 48 1104 128 1104 0
R 128 1136 128 1200 0 0 40 5 0 0 0.5
w -144 1344 -144 976 0
w -64 1344 -144 1344 0
R -176 1056 -240 1056 0 0 40 5 0 0 0.5
r -176 1168 -176 1056 0 10000
s -176 1168 -288 1168 0 1 true
I -144 800 -80 800 0 0.5 5
155 -80 736 -16 736 6 0
w 96 736 144 736 0
w 16 800 16 912 0
I -144 912 16 912 0 0.5 5
g -304 800 -304 848 0
g -288 1168 -288 1216 0
155 -48 1104 -32 1104 6 0
I -176 1168 -48 1168 0 0.5 5
I -64 1344 48 1344 0 0.5 5
w 48 1168 48 1344 0
r -176 688 -176 800 0 1000
R -176 688 -256 688 0 0 40 5 0 0 0.5
162 48 1136 128 1136 2 default-led 1 0 0 0.01
w -144 976 -144 912 0
w -176 800 -144 800 0
w 208 160 304 160 0
w 304 128 272 128 0
w 272 128 272 384 0
w 272 384 208 384 0
w 304 96 240 96 0
w 240 96 240 656 0
w 144 736 240 736 0
w 240 736 240 656 0
w 304 64 208 64 0
w 208 64 208 1104 0
w 208 1104 128 1104 0
r 736 64 768 64 0 1000
r 736 96 768 96 0 1000
r 736 128 768 128 0 1000
w 800 192 800 64 0
w 800 64 768 64 0
w 768 96 816 96 0
w 816 96 816 224 0
w 832 256 832 128 0
w 832 128 768 128 0
g 736 160 848 160 0
r 496 64 544 64 0 1000
r 496 96 544 96 0 1000
r 496 128 544 128 0 1000
r 496 160 544 160 0 1000
I 400 64 496 64 0 0.5 5
I 400 96 496 96 0 0.5 5
I 400 128 496 128 0 0.5 5
I 400 160 496 160 0 0.5 5
I 400 192 800 192 0 0.5 5
I 400 224 816 224 0 0.5 5
I 400 256 832 256 0 0.5 5
