$ 1 0.000005 1.1208435524800693 31 5 43
157 672 336 688 336 0 7 0 -1
! deshift 0 8,4,2,1 a,b,c,d,e,f,g deshift 1001\q0000100\n1000\q0000000\n0111\q0001111\n0110\q0100000\n0101\q0100100\n0100\q1001100\n0011\q0000110\n0010\q0010010\n0001\q1001111\n0000\q0000001\n1010\q0001000\n1011\q1100000\n1100\q0110001\n1101\q1000010\n1110\q0110000\n1111\q0111000\n
208 400 336 448 336 0 deshift 0 0 0 0 0 0 5
r 496 464 576 464 0 1000
r 496 496 576 496 0 1000
r 496 528 576 528 0 1000
155 -496 432 -416 432 0 0
162 -400 432 -400 320 2 default-led 1 0 0 0.01
g -464 320 -464 336 0
r -400 320 -464 320 0 1000
r -176 320 -240 320 0 1000
g -240 320 -240 336 0
162 -176 432 -176 320 2 default-led 1 0 0 0.01
155 -272 432 -192 432 0 0
155 160 432 240 432 0 0
162 256 432 256 320 2 default-led 1 0 0 0.01
g 192 320 192 336 0
r 256 320 192 320 0 1000
r 32 320 -32 320 0 1000
g -32 320 -32 336 0
162 32 432 32 320 2 default-led 1 0 0 0.01
155 -64 432 16 432 0 0
w -272 592 -80 592 0
w -80 592 144 592 0
w 144 592 144 464 0
w 144 464 160 464 0
w -80 592 -80 464 0
w -80 464 -64 464 0
w -288 592 -288 464 0
w -288 464 -272 464 0
w -496 592 -288 592 0
w -288 592 -272 592 0
w -512 592 -512 464 0
w -512 464 -496 464 0
w -112 432 -112 288 0
w -112 288 272 288 0
w -176 432 -112 432 0
w -112 432 -64 432 0
w -400 432 -336 432 0
w -336 432 -336 272 0
w -336 272 288 272 0
w -336 432 -272 432 0
w 32 432 96 432 0
w 96 432 96 304 0
w 96 304 288 304 0
w 96 432 160 432 0
w 400 400 304 400 0
w 304 400 304 304 0
w 304 304 288 304 0
w 400 368 336 368 0
w 336 368 336 288 0
w 336 288 272 288 0
w 400 336 368 336 0
w 368 336 368 272 0
w 368 272 288 272 0
r 496 432 576 432 0 1000
r 496 400 576 400 0 1000
r 496 368 576 368 0 1000
r 496 336 576 336 0 1000
w 576 336 672 336 0
w 576 368 672 368 0
w 576 400 672 400 0
w 576 432 672 432 0
w 576 464 880 464 0
w 880 464 880 336 0
w 880 336 864 336 0
w 576 496 896 496 0
w 896 496 896 368 0
w 896 368 864 368 0
w 576 528 912 528 0
w 912 528 912 400 0
w 912 400 864 400 0
R 864 432 944 432 0 0 40 5 0 0 0.5
w -496 592 -512 592 0
w 288 432 288 224 0
w 288 224 -496 224 0
w -496 224 -496 432 0
w 256 432 288 432 0
w 288 432 400 432 0
R -512 592 -576 592 1 2 1000 5 2.5 0 0.5
s -496 432 -544 432 0 1 true
R -544 432 -576 432 0 0 40 5 0 0 0.5
