$ 1 0.000005 3.5993318835628396 50 5 43
162 544 32 544 -80 2 default-led 1 0 0 0.01
162 416 32 416 -64 2 default-led 1 0 0 0.01
r 544 -80 480 -80 0 1000
g 480 -80 480 -48 0
g 352 -64 352 -32 0
r 416 -64 352 -64 0 1000
r 112 -80 48 -80 0 1000
g 48 -80 48 -48 0
g 192 -80 192 -48 0
r 256 -80 192 -80 0 1000
162 112 32 112 -80 2 default-led 1 0 0 0.01
162 256 32 256 -80 2 default-led 1 0 0 0.01
w 416 -64 416 -96 0
197 672 -176 736 -176 0
157 880 -176 912 -176 0 7 0 -1
w 896 -48 832 -48 0
w 832 -16 928 -16 0
155 16 32 64 32 2 0
155 160 32 208 32 2 0
w 160 32 112 32 0
155 320 32 368 32 2 0
w 256 32 320 32 0
155 448 32 496 32 2 5
w 448 32 416 32 0
w 16 64 -16 64 0
w -16 64 -16 144 0
w -16 144 128 144 0
w 128 144 128 64 0
w 128 64 160 64 0
w 128 144 288 144 0
w 288 144 288 64 0
w 288 64 320 64 0
w 288 144 432 144 0
w 432 144 432 64 0
w 432 64 448 64 0
w 16 96 16 128 0
w 16 128 160 128 0
w 160 128 160 96 0
w 160 128 320 128 0
w 320 128 320 96 0
w 320 128 448 128 0
w 448 128 448 96 0
R -64 144 -128 144 1 2 200 2.5 2.5 0 0.1
w 928 -16 1056 -16 0
w 896 -48 1040 -48 0
I 800 -176 832 -176 0 0.5 5
I 800 -144 832 -144 0 0.5 5
I 800 -112 832 -112 0 0.5 5
I 800 -80 832 -80 0 0.5 5
I 800 -48 832 -48 0 0.5 5
I 800 -16 832 -16 0 0.5 5
r 1136 -80 1072 -80 0 1000
w 832 -176 880 -176 0
w 832 -144 880 -144 0
w 832 -112 880 -112 0
w 832 -80 880 -80 0
w 1072 16 1168 16 0
w 1056 -16 1136 -16 0
w 1040 -48 1120 -48 0
w 1120 -48 1120 -176 0
w 1072 -176 1120 -176 0
w 1072 -144 1136 -144 0
w 1136 -144 1136 -16 0
w 1168 16 1168 -112 0
w 1072 -112 1168 -112 0
w -64 144 -16 144 0
w 16 32 16 -240 0
w 16 -240 592 -240 0
w 592 -240 592 32 0
r 544 32 592 32 0 10000
L 16 96 -128 96 2 0 true 5 0
w 544 -80 608 -80 0
r 16 32 -64 32 0 250
s -64 32 -112 32 0 1 true
R -112 32 -128 32 0 0 40 5 0 0 0.5
I 800 16 832 16 0 0.5 5
w 832 16 1072 16 0
w 608 -80 672 -80 0
w 416 -96 416 -112 0
w 416 -112 672 -112 0
w 256 -80 256 -144 0
w 256 -144 672 -144 0
w 112 -80 112 -176 0
w 112 -176 672 -176 0
R 1136 -80 1264 -80 0 0 40 5 0 0 0.5
o 42 64 0 4099 5 0.00009765625 0 2 42 3
