$ 1 0.000005 0.04168620196785084 50 5 43
168 208 208 240 208 2 4 0 0 0 0
162 736 176 736 64 2 default-led 1 0 0 0.01
162 624 176 624 64 2 default-led 1 0 0 0.01
r 736 64 672 64 0 1000
g 672 64 672 96 0
g 560 64 560 96 0
r 624 64 560 64 0 1000
r 352 64 288 64 0 1000
g 288 64 288 96 0
g 400 64 400 96 0
r 464 64 400 64 0 1000
162 352 176 352 64 2 default-led 1 0 0 0.01
162 464 176 464 64 2 default-led 1 0 0 0.01
w 352 64 352 -16 0
w 352 -16 800 -16 0
w 464 64 464 0 0
w 464 0 784 0 0
w 624 64 624 16 0
w 624 16 768 16 0
w 736 64 752 64 0
197 832 32 896 32 0
w 800 -16 800 32 0
w 800 32 832 32 0
w 784 0 784 64 0
w 784 64 832 64 0
w 768 16 768 96 0
w 768 96 832 96 0
w 752 64 752 128 0
w 752 128 832 128 0
157 960 32 992 32 0 7 0 0
w 1024 160 960 160 0
w 960 192 1056 192 0
w 1056 192 1056 160 0
w 960 224 1088 224 0
w 1088 224 1088 160 0
w -80 16 -80 624 0
L -80 16 -80 -16 2 0 true 5 0
w -96 304 -96 160 0
w -112 288 -112 16 0
w -96 448 -96 304 0
w -112 432 -112 288 0
w -96 592 -96 448 0
w -112 576 -112 432 0
w -96 624 -96 592 0
w -112 624 -112 576 0
w -128 560 -128 624 0
w -128 416 -128 560 0
w -128 144 -128 416 0
w -144 544 -144 624 0
w -144 400 -144 544 0
w -144 16 -144 400 0
w -160 512 -160 624 0
w -176 496 -176 624 0
w -192 480 -192 624 0
w -160 272 -160 512 0
w -176 256 -176 496 0
w -160 128 -160 272 0
w -176 16 -176 256 0
w -96 16 -96 160 0
w -128 16 -128 144 0
w -160 16 -160 128 0
L -144 16 -144 -16 2 0 true 5 0
L -128 16 -128 -16 2 0 true 5 0
L -96 16 -96 -16 2 0 true 5 0
L -112 16 -112 -16 2 0 true 5 0
L -176 16 -176 -16 2 0 true 5 0
w -336 32 -336 16 0
w -320 176 -320 16 0
w -304 48 -304 16 0
w -288 320 -288 16 0
w -272 64 -272 16 0
w -240 80 -240 16 0
w -256 208 -256 16 0
w -192 112 -192 16 0
w -224 464 -224 16 0
152 -48 96 32 96 0 8 0 5
152 -48 240 32 240 0 8 0 5
152 -48 384 32 384 0 8 0 5
152 -48 528 32 528 0 8 0 5
152 -208 624 -208 688 0 16 0 5
w -208 688 -208 720 0
L -160 16 -160 -16 2 0 true 5 0
w -192 112 -192 480 0
L -192 16 -192 -16 2 0 true 5 0
w -224 464 -224 624 0
L -224 16 -224 -16 2 0 true 5 0
w -240 368 -240 624 0
w -240 224 -240 368 0
w -240 80 -240 224 0
L -240 16 -240 -16 2 0 true 5 0
w -256 352 -256 624 0
w -272 336 -272 624 0
w -304 192 -304 624 0
w -304 48 -304 192 0
L -256 16 -256 -16 2 0 true 5 0
w -256 352 -256 208 0
w -272 64 -272 336 0
L -272 16 -272 -16 2 0 true 5 0
w -288 320 -288 624 0
w -320 176 -320 624 0
L -304 16 -304 -16 2 0 true 5 0
L -288 16 -288 -16 2 0 false 5 0
L -320 16 -320 -16 2 0 true 5 0
x -337 -25 -89 -22 4 18 1\s2\s3\s4\s5\s6\s7\s8\s\s\s\s\s9\sA\sB\sCD\sE\sF
L -336 16 -336 -16 2 0 true 5 0
w -336 624 -336 32 0
w 32 384 48 384 0
w 32 240 208 240 0
w 32 96 32 208 0
w 32 208 208 208 0
w 48 384 48 272 0
w 48 272 208 272 0
w 32 528 80 528 0
w 80 528 80 304 0
w 80 304 208 304 0
w 208 336 208 704 0
w 208 720 208 704 0
w 304 208 736 208 0
w 736 208 736 176 0
w 304 240 624 240 0
w 624 240 624 176 0
w 304 272 464 272 0
w 464 272 464 176 0
w 304 304 352 304 0
w 352 304 352 176 0
w -208 720 208 720 0
w -336 32 -48 32 0
w -304 48 -48 48 0
w -272 64 -48 64 0
w -240 80 -48 80 0
w -192 112 -48 112 0
w -160 128 -48 128 0
w -128 144 -48 144 0
w -96 160 -48 160 0
w -320 176 -48 176 0
w -304 192 -48 192 0
w -256 208 -48 208 0
w -240 224 -48 224 0
w -176 256 -48 256 0
w -160 272 -48 272 0
w -112 288 -48 288 0
w -96 304 -48 304 0
w -288 320 -48 320 0
w -272 336 -48 336 0
w -256 352 -48 352 0
w -240 368 -48 368 0
w -144 400 -48 400 0
w -128 416 -48 416 0
w -112 432 -48 432 0
w -96 448 -48 448 0
w -224 464 -48 464 0
w -192 480 -48 480 0
w -176 496 -48 496 0
w -160 512 -48 512 0
w -144 544 -48 544 0
w -128 560 -48 560 0
w -112 576 -48 576 0
w -96 592 -48 592 0
