$ 1 0.000005 0.13386567243530942 33 5 43
x -745 -82 -716 -79 4 24 А2
x -679 -83 -650 -80 4 24 А1
x -609 -80 -580 -77 4 24 А0
x -746 617 -717 620 4 24 В2
x -618 619 -589 622 4 24 В0
x -681 617 -652 620 4 24 В1
L -736 32 -736 -48 2 0 false 5 0
L -672 32 -672 -48 2 0 false 5 0
L -592 32 -592 -48 2 0 false 5 0
L -608 496 -608 576 2 0 false 5 0
L -672 496 -672 576 2 0 false 5 0
L -736 496 -736 576 2 0 false 5 0
w -416 96 -592 96 0
w -592 96 -592 32 0
w -416 224 -672 224 0
w -672 32 -672 224 0
w -736 32 -736 352 0
w -416 352 -736 352 0
w -736 496 -736 384 0
w -416 384 -736 384 0
w -672 496 -672 256 0
w -416 256 -672 256 0
w -608 496 -608 128 0
w -416 128 -608 128 0
w -480 192 -480 288 0
w -480 288 -416 288 0
w -480 320 -480 416 0
w -480 416 -416 416 0
w 80 256 -32 256 0
w -32 496 -32 256 0
w -176 496 -32 496 0
w -320 496 -176 496 0
w -272 560 48 560 0
w -320 560 -272 560 0
162 -176 496 -176 464 2 default-led 1 0 0 0.01
g -176 464 -128 464 0
196 -416 496 -336 496 0
w 48 288 80 288 0
w 48 560 48 288 0
w 32 320 80 320 0
w 32 416 32 320 0
w -208 416 32 416 0
w 16 352 80 352 0
w 16 288 16 352 0
w -208 288 16 288 0
! преобразоватиль 0 32,16,8,4,2 40,20,10,8,4,2 преобразоватиль 00000\q000000\n00001\q000001\n00010\q000010\n00011\q000011\n00100\q000100\n00101\q001000\n00110\q001001\n00111\q001010\n01000\q001011\n01001\q001100\n01010\q010000\n01011\q010001\n01100\q010010\n01101\q010011\n01110\q010100\n01111\q011000\n10000\q011001\n10001\q011010\n10010\q011011\n10011\q011100\n10100\q100000\n10101\q100001\n10110\q100010\n10111\q100011\n11000\q100100\n11001\q101000\n11010\q101001\n11011\q101010\n11100\q101011\n11101\q101100\n11110\q110000\n11111\q110001\n
208 80 224 96 224 0 преобразоватиль 0 0 0 0 0 0
g -272 512 -208 512 0
g -208 368 -160 368 0
g -208 256 -160 256 0
g -160 112 -112 112 0
162 -272 560 -272 512 2 default-led 1 0 0 0.01
162 -160 160 -160 112 2 default-led 1 0 0 0.01
162 -208 288 -208 256 2 default-led 1 0 0 0.01
162 -208 416 -208 368 2 default-led 1 0 0 0.01
w -256 448 -480 448 0
w -256 352 -256 448 0
w -320 352 -256 352 0
w -320 416 -208 416 0
w -320 288 -208 288 0
w -320 160 -160 160 0
157 768 512 784 512 0 7 0 -1
! deshift 0 8,4,2,1 a,b,c,d,e,f,g deshift 1001\q0000100\n1000\q0000000\n0111\q0001111\n0110\q0100000\n0101\q0100100\n0100\q1001100\n0011\q0000110\n0010\q0010010\n0001\q1001111\n0000\q0000001\n1010\q0001000\n1011\q1100000\n1100\q0110001\n1101\q1000010\n1110\q0110000\n1111\q0111000\n
208 368 512 416 512 0 deshift 0 0 0 0 0 0 5
r 464 512 544 512 0 1000
r 464 544 544 544 0 1000
r 464 576 544 576 0 1000
r 464 608 544 608 0 1000
r 464 640 544 640 0 1000
r 464 672 544 672 0 1000
r 464 704 544 704 0 1000
172 960 608 960 656 0 7 5 5 0 0 0.5 Voltage
w 768 512 544 512 0
w 544 544 768 544 0
w 544 576 768 576 0
w 544 608 768 608 0
w 544 640 752 640 0
w 544 672 736 672 0
w -240 320 -480 320 0
w -240 224 -240 320 0
w -320 224 -240 224 0
w -240 192 -480 192 0
w -240 96 -240 192 0
w -320 96 -240 96 0
196 -416 352 -336 352 0
196 -416 224 -384 224 0
196 -416 96 -336 96 0
172 1296 608 1296 656 0 7 5 5 0 0 0.5 Voltage
r 464 416 544 416 0 1000
r 464 384 544 384 0 1000
r 464 352 544 352 0 1000
r 464 320 544 320 0 1000
r 464 288 544 288 0 1000
r 464 256 544 256 0 1000
r 464 224 544 224 0 1000
208 368 224 416 224 0 deshift 0 0 0 0 0 0 5
157 1104 512 1120 512 0 7 0 -1
w -800 32 -800 496 0
L -800 32 -800 -48 2 0 false 5 0
x -809 -82 -780 -79 4 24 А3
w -800 528 -416 528 0
L -800 528 -800 576 2 0 false 5 0
x -810 617 -781 620 4 24 В3
w -416 496 -800 496 0
w -480 448 -480 560 0
w -480 560 -416 560 0
w 176 384 352 384 0
w 352 384 352 288 0
w 352 288 368 288 0
w 176 352 336 352 0
w 336 352 336 256 0
w 336 256 368 256 0
w 176 320 320 320 0
w 320 320 320 224 0
w 320 224 368 224 0
w -160 160 288 160 0
w 288 160 304 160 0
w 304 160 304 320 0
w 304 320 368 320 0
w 176 288 192 288 0
w 192 288 192 608 0
w 192 608 368 608 0
w 176 256 208 256 0
w 208 256 208 576 0
w 208 576 368 576 0
w 176 224 224 224 0
w 224 224 224 528 0
w 224 528 224 544 0
w 224 544 368 544 0
w 752 640 976 640 0
w 976 640 976 512 0
w 976 512 960 512 0
w 736 672 992 672 0
w 992 672 992 544 0
w 992 544 960 544 0
w 544 704 1008 704 0
w 1008 704 1008 592 0
w 1008 592 1008 576 0
w 1008 576 960 576 0
w 544 224 1104 224 0
w 1104 224 1104 512 0
w 544 256 1088 256 0
w 1088 256 1088 544 0
w 1088 544 1104 544 0
w 544 288 1072 288 0
w 1072 288 1072 576 0
w 1072 576 1104 576 0
w 544 320 1056 320 0
w 1056 320 1056 608 0
w 1056 608 1104 608 0
w 544 352 1296 352 0
w 1296 352 1296 512 0
w 544 384 1312 384 0
w 1312 384 1312 544 0
w 1312 544 1296 544 0
w 544 416 1328 416 0
w 1328 416 1328 576 0
w 1328 576 1296 576 0
