$ 1 0.000005 1.4391916095149893 24 5 50
! ssss 0 32,16,8,4,2 40,20,10,8,4,2 ssss 00000\q000000\n00001\q000001\n00010\q000010\n00011\q000011\n00100\q000100\n00101\q001000\n00110\q001001\n00111\q001010\n01000\q001011\n01001\q001100\n01010\q010000\n01011\q010001\n01100\q010010\n01101\q010011\n01110\q010100\n01111\q011000\n10000\q011001\n10001\q011010\n10010\q011011\n10011\q011100\n10100\q100000\n10101\q100001\n10110\q100010\n10111\q100011\n11000\q100100\n11001\q101000\n11010\q101001\n11011\q101010\n11100\q101011\n11101\q101100\n11110\q110000\n11111\q110001\n
208 1776 592 1808 592 0 ssss 0 0 0 0 0 0
197 1968 304 2048 304 0
197 1984 560 2000 560 0
157 2176 560 2240 560 0 7 0 0
157 2416 560 2464 560 0 7 0 0
w 2112 560 2176 560 0
w 2112 592 2176 592 0
w 2112 624 2176 624 0
w 2112 656 2176 656 0
w 2112 688 2240 688 0
w 2112 720 2272 720 0
w 2272 720 2272 688 0
w 2112 752 2304 752 0
w 2304 752 2304 688 0
w 2096 304 2416 304 0
w 2416 304 2416 560 0
w 2096 336 2400 336 0
w 2400 336 2400 592 0
w 2400 592 2416 592 0
w 2096 368 2384 368 0
w 2384 368 2384 624 0
w 2384 624 2416 624 0
w 2096 400 2368 400 0
w 2368 400 2368 656 0
w 2368 656 2416 656 0
w 2096 432 2608 432 0
w 2576 688 2544 688 0
w 2096 464 2592 464 0
w 2592 464 2592 704 0
w 2592 704 2512 704 0
w 2608 432 2608 720 0
w 2608 720 2480 720 0
w 2480 720 2480 688 0
w 2512 704 2512 688 0
w 2096 496 2576 496 0
w 2576 496 2576 688 0
w 1872 592 1984 592 0
w 1872 624 1984 624 0
w 1872 656 1984 656 0
w 1872 688 1904 688 0
w 1904 688 1904 304 0
w 1904 304 1968 304 0
w 1872 720 1920 720 0
w 1920 720 1920 336 0
w 1920 336 1968 336 0
w 1872 752 1936 752 0
w 1936 752 1936 368 0
w 1936 368 1968 368 0
L 688 576 656 576 2 0 true 5 0
L 688 384 656 384 2 0 true 5 0
L 688 448 656 448 2 0 true 5 0
L 688 608 656 608 2 0 true 5 0
L 688 480 656 480 2 0 true 5 0
L 688 512 656 512 2 0 true 5 0
L 688 544 656 544 2 0 true 5 0
! shif 0 15,14,13,12,11,10,9,8,7,6,5,4,3,2,1 i8,i4,i2,i1 shif 000000000000001\q0001\n000000000000010\q0010\n000000000000100\q0011\n000000000001000\q0100\n000000000010000\q0101\n000000000100000\q0110\n000000001000000\q0111\n000000010000000\q1000\n000000100000000\q1001\n000001000000000\q1010\n000010000000000\q1011\n000100000000000\q1100\n001000000000000\q1101\n010000000000000\q1110\n100000000000000\q1111\n000000000000000\q0000\n
208 944 160 960 160 0 shif 0 0 0 0
152 944 768 1072 768 0 16 0 5
168 1312 336 1328 336 2050 4 0 0 0 0
168 1312 608 1328 608 2050 4 0 0 0 0
S 1072 768 1152 768 0 1 false 0 2
w 1440 288 1440 816 0
w 1440 816 1232 816 0
w 1232 816 1232 608 0
w 1232 608 1312 608 0
w 1312 640 1184 640 0
w 1184 640 1184 576 0
w 1152 576 1184 576 0
w 1184 576 1184 384 0
w 1184 384 1296 384 0
w 1296 384 1296 368 0
w 1296 368 1312 368 0
w 1312 672 1200 672 0
w 1200 672 1200 544 0
w 1152 544 1200 544 0
w 1200 544 1200 400 0
w 1200 400 1312 400 0
w 1312 704 1216 704 0
w 1216 704 1216 512 0
w 1152 512 1216 512 0
w 1216 512 1216 432 0
w 1216 432 1312 432 0
196 1488 336 1552 336 0
196 1504 480 1520 480 0
196 1504 640 1536 640 0
w 1408 368 1408 336 0
w 1408 336 1488 336 0
w 1584 336 1648 336 0
w 1648 336 1648 432 0
w 1648 432 1488 432 0
w 1488 432 1488 544 0
w 1488 544 1504 544 0
w 1600 480 1632 480 0
w 1632 480 1632 592 0
w 1632 592 1488 592 0
w 1488 592 1488 704 0
w 1488 704 1504 704 0
w 1408 400 1472 400 0
w 1472 400 1472 480 0
w 1472 480 1504 480 0
w 1408 432 1456 432 0
w 1456 432 1456 640 0
w 1456 640 1504 640 0
w 1408 640 1424 640 0
w 1424 640 1424 368 0
w 1424 368 1488 368 0
w 1408 672 1472 672 0
w 1472 672 1472 512 0
w 1472 512 1504 512 0
w 1584 400 1664 400 0
w 1600 544 1664 544 0
w 1600 704 1648 704 0
w 1600 640 1616 640 0
w 1616 640 1616 752 0
162 1664 400 1696 400 2 default-led 1 0 0 0.01
162 1664 544 1696 544 2 default-led 1 0 0 0.01
162 1648 704 1680 704 2 default-led 1 0 0 0.01
162 1616 864 1664 864 2 default-led 1 0 0 0.01
g 1696 400 1696 416 0
g 1696 544 1696 560 0
g 1680 704 1680 720 0
g 1664 864 1664 880 0
w 1664 400 1664 512 0
w 1664 512 1744 512 0
w 1744 512 1744 784 0
w 1744 784 1952 784 0
w 1952 784 1952 400 0
w 1952 400 1968 400 0
w 1664 544 1664 656 0
w 1664 656 1712 656 0
w 1712 656 1712 720 0
w 1712 720 1776 720 0
w 1648 704 1648 688 0
w 1648 688 1776 688 0
w 1616 816 1616 864 0
w 1616 816 1728 816 0
w 1728 816 1728 656 0
w 1728 656 1776 656 0
L 688 416 656 416 2 0 true 5 0
L 688 352 656 352 2 0 true 5 0
L 688 320 656 320 2 0 true 5 0
L 688 288 656 288 2 0 true 5 0
L 688 256 656 256 2 0 true 5 0
L 688 224 656 224 2 0 true 5 0
L 688 192 656 192 2 0 true 5 0
L 688 160 656 160 2 0 true 5 0
w 688 160 928 160 0
w 928 160 944 160 0
w 688 192 912 192 0
w 912 192 944 192 0
w 688 224 896 224 0
w 896 224 944 224 0
w 688 256 880 256 0
w 880 256 944 256 0
w 688 288 864 288 0
w 864 288 944 288 0
w 688 320 848 320 0
w 848 320 944 320 0
w 688 352 832 352 0
w 832 352 944 352 0
w 688 384 816 384 0
w 816 384 944 384 0
w 688 416 800 416 0
w 800 416 944 416 0
w 688 448 784 448 0
w 784 448 944 448 0
w 688 480 768 480 0
w 944 896 704 896 0
w 768 480 944 480 0
w 688 512 752 512 0
w 752 512 944 512 0
w 688 544 736 544 0
w 736 544 944 544 0
w 688 576 720 576 0
w 688 608 704 608 0
w 720 576 944 576 0
w 704 608 944 608 0
L 704 896 672 896 2 0 true 5 0
w 1312 304 1312 336 0
w 1152 480 1248 480 0
w 1248 480 1248 464 0
w 1248 464 1312 464 0
w 1248 480 1248 736 0
w 1248 736 1312 736 0
196 1520 800 1552 800 0
w 1616 752 1504 752 0
w 1504 752 1504 864 0
w 1504 864 1520 864 0
w 1408 464 1408 624 0
w 1408 736 1408 832 0
w 1408 832 1520 832 0
w 1456 800 1520 800 0
w 1616 800 1696 800 0
w 1696 800 1696 624 0
w 1696 624 1776 624 0
w 1408 624 1408 800 0
w 1408 800 1456 800 0
w 1408 704 1424 704 0
w 1424 704 1424 672 0
w 1424 672 1504 672 0
w 944 640 704 640 0
w 944 656 720 656 0
w 944 672 752 672 0
w 944 688 784 688 0
w 944 704 800 704 0
w 944 720 816 720 0
w 944 736 832 736 0
w 944 752 864 752 0
w 944 784 880 784 0
w 944 800 896 800 0
w 944 816 912 816 0
w 944 832 912 832 0
w 944 848 928 848 0
w 704 608 704 640 0
w 720 576 720 656 0
w 736 544 736 672 0
w 736 672 752 672 0
w 752 512 752 688 0
w 752 688 784 688 0
w 768 480 768 704 0
w 768 704 800 704 0
w 784 448 784 720 0
w 784 720 816 720 0
w 800 416 800 736 0
w 800 736 832 736 0
w 816 384 816 752 0
w 816 752 864 752 0
w 832 352 832 784 0
w 832 784 880 784 0
w 848 320 848 800 0
w 848 800 896 800 0
w 864 288 864 816 0
w 864 816 912 816 0
w 880 256 880 832 0
w 880 832 912 832 0
w 896 224 896 848 0
w 896 848 928 848 0
w 912 192 912 864 0
w 912 864 944 864 0
w 928 160 928 880 0
w 928 880 944 880 0
w 1040 160 1152 160 0
w 1152 160 1152 480 0
w 1040 192 1136 192 0
w 1136 192 1136 512 0
w 1136 512 1152 512 0
w 1040 224 1120 224 0
w 1120 224 1120 544 0
w 1120 544 1152 544 0
w 1040 256 1104 256 0
w 1104 256 1104 576 0
w 1104 576 1152 576 0
w 1152 752 1168 752 0
w 1168 752 1168 304 0
w 1168 304 1312 304 0
w 1152 784 1088 784 0
w 1088 784 1088 304 0
w 1088 304 1088 240 0
w 1088 240 1440 240 0
w 1440 240 1440 288 0
