$ 1 0.000005 2.5790339917193066 26 5 50
L 1120 128 1120 80 2 1 false 5 0
150 416 192 416 288 0 2 5 5
150 576 192 576 288 0 2 5 5
150 720 192 720 288 0 2 0 5
150 480 448 480 544 0 2 0 5
150 336 448 336 544 0 2 0 5
150 176 448 176 544 0 2 0 5
150 384 784 384 880 0 2 0 5
150 240 784 240 880 0 2 5 5
150 80 784 80 880 0 2 5 5
196 112 640 384 640 0
196 288 640 336 640 0
195 576 608 624 608 0
196 208 1056 256 1056 0
196 32 1056 304 1056 0
196 352 1056 400 1056 0
g -656 208 -624 208 0
g -560 208 -528 208 0
g -464 208 -416 208 0
162 -656 160 -656 208 2 default-led 1 0 0 0.01
162 -560 144 -560 208 2 default-led 1 0 0 0.01
162 -464 208 -464 144 2 default-led 1 0 0 0.01
162 1408 144 1360 144 2 default-led 1 0 0 0.01
162 1280 144 1232 144 2 default-led 1 0 0 0.01
162 1120 144 1056 144 2 default-led 1 0 0 0.01
g 1360 144 1328 144 0
g 1232 144 1200 144 0
g 1056 144 1008 144 0
L 1280 144 1280 96 2 0 false 5 0
L 1408 144 1408 96 2 1 false 5 0
L -464 144 -528 144 2 0 false 5 0
L -560 144 -608 144 2 1 false 5 0
L -656 160 -704 160 2 1 false 5 0
x -662 248 -636 251 4 24 a3
x -549 263 -523 266 4 24 a2
x -466 254 -440 257 4 24 a1
x 1104 45 1130 48 4 24 b3
x 1261 54 1287 57 4 24 b2
x 1392 53 1418 56 4 24 b1
w -656 160 -656 64 0
w -656 64 368 64 0
w 400 192 400 64 0
w 368 64 368 384 0
w 368 64 400 64 0
w 160 448 160 384 0
w 160 384 64 384 0
w 64 384 64 784 0
w 160 384 368 384 0
w -560 144 -560 0 0
w -560 0 512 0 0
w 560 192 560 0 0
w 512 0 512 352 0
w 560 0 512 0 0
w 32 1056 32 928 0
w 80 880 80 928 0
w 80 928 32 928 0
w 208 640 240 640 0
w 240 640 240 736 0
w 240 736 -32 736 0
w -32 736 -32 1088 0
w 32 1088 -32 1088 0
w 208 704 208 752 0
w 208 752 176 752 0
w 208 1088 176 1088 0
w 176 752 176 1088 0
x 510 1374 536 1377 4 24 p3
x 329 1365 355 1368 4 24 p4
x 138 1352 164 1355 4 24 p5
162 512 1264 512 1328 2 default-led 1 0 0 0.01
162 336 1264 336 1328 2 default-led 1 0 0 0.01
162 144 1264 144 1312 2 default-led 1 0 0 0.01
g 512 1328 560 1328 0
g 336 1328 368 1328 0
g 144 1312 176 1312 0
g -16 1328 16 1328 0
162 -16 1280 -16 1328 2 default-led 1 0 0 0.01
x -22 1368 4 1371 4 24 p6
g 768 1328 800 1328 0
g 960 1328 1008 1328 0
162 768 1264 768 1328 2 default-led 1 0 0 0.01
162 960 1264 960 1328 2 default-led 1 0 0 0.01
x 769 1372 795 1375 4 24 p2
x 958 1374 984 1377 4 24 p1
w 720 288 720 480 0
w 720 480 960 480 0
w 960 1264 960 480 0
w 128 1056 128 992 0
w 128 992 -64 992 0
w -64 992 -64 1280 0
w -64 1280 -16 1280 0
w 128 1120 144 1120 0
w 144 1120 144 1264 0
w 304 1120 336 1120 0
w 336 1120 336 1264 0
w 672 608 768 608 0
w 768 1264 768 608 0
w 512 1264 512 1120 0
w 448 1120 512 1120 0
w 448 1056 560 1056 0
w 560 1056 560 1184 0
w 560 1184 208 1184 0
w 208 1120 208 1184 0
w 304 1056 320 1056 0
w 320 1056 320 1216 0
w 320 1216 32 1216 0
w 32 1120 32 1216 0
w 240 880 240 992 0
w 208 1056 208 992 0
w 208 992 240 992 0
w 352 1056 352 960 0
w 352 960 384 960 0
w 384 880 384 960 0
w 384 704 464 704 0
w 464 704 464 992 0
w 464 992 336 992 0
w 352 1088 336 1088 0
w 336 992 336 1088 0
w 672 640 672 752 0
w 288 704 288 752 0
w 288 752 672 752 0
w 384 640 384 768 0
w 384 768 144 768 0
w 112 704 112 752 0
w 112 752 144 752 0
w 144 768 144 752 0
w 176 544 176 576 0
w 112 640 112 576 0
w 112 576 176 576 0
w 416 288 416 576 0
w 416 576 288 576 0
w 288 640 288 576 0
w 336 544 336 592 0
w 336 592 272 592 0
w 288 672 272 672 0
w 272 672 272 592 0
w 576 640 480 640 0
w 480 544 480 640 0
w -464 144 -464 -48 0
w -464 -48 672 -48 0
w 704 192 704 -48 0
w 704 -48 672 -48 0
w 672 -48 672 416 0
w 576 288 576 608 0
w 320 448 320 416 0
w 320 416 448 416 0
w 448 416 448 352 0
w 512 352 448 352 0
w 464 448 464 416 0
w 464 416 672 416 0
w 320 448 256 448 0
w 224 784 224 752 0
w 224 752 256 752 0
w 256 752 256 448 0
w 672 416 672 544 0
w 368 784 368 736 0
w 368 736 528 736 0
w 672 544 528 544 0
w 528 736 528 544 0
w 1120 144 1120 784 0
w 400 784 1120 784 0
w 400 784 256 784 0
w 256 784 96 784 0
w 1280 144 1280 448 0
w 192 448 352 448 0
w 352 448 496 448 0
w 496 448 1280 448 0
w 432 192 592 192 0
w 592 192 736 192 0
w 736 192 1408 192 0
w 1408 144 1408 192 0
w 1120 128 1120 144 0
