$ 1 0.000005 2.5790339917193066 26 5 50
150 416 192 416 288 0 2 0 5
150 576 192 576 288 0 2 0 5
150 720 192 720 288 0 2 0 5
150 480 448 480 544 0 2 0 5
150 336 448 336 544 0 2 0 5
150 176 448 176 544 0 2 0 5
150 384 784 384 880 0 2 0 5
150 240 784 240 880 0 2 0 5
150 80 784 80 880 0 2 0 5
196 112 640 384 640 0
196 288 640 336 640 0
195 576 608 624 608 0
196 208 1056 256 1056 0
196 32 1056 304 1056 0
196 352 1056 400 1056 0
w 400 192 400 64 0
w 368 64 368 384 0
w 368 64 400 64 0
w 160 448 160 384 0
w 160 384 64 384 0
w 64 384 64 784 0
w 160 384 368 384 0
w 560 192 560 0 0
w 512 0 512 352 0
w 560 0 512 0 0
w 32 1056 32 928 0
w 80 880 80 928 0
w 80 928 32 928 0
w 208 640 240 640 0
w 240 640 240 736 0
w 240 736 -32 736 0
w -32 736 -32 1088 0
w 32 1088 -32 1088 0
w 208 704 208 752 0
w 208 752 176 752 0
w 208 1088 176 1088 0
w 176 752 176 1088 0
x 510 1374 536 1377 4 24 p3
x 329 1365 355 1368 4 24 p4
x 138 1352 164 1355 4 24 p5
162 512 1264 512 1328 2 default-led 1 0 0 0.01
162 336 1264 336 1328 2 default-led 1 0 0 0.01
162 144 1264 144 1312 2 default-led 1 0 0 0.01
g 512 1328 560 1328 0
g 336 1328 368 1328 0
g 144 1312 176 1312 0
g -16 1328 16 1328 0
162 -16 1280 -16 1328 2 default-led 1 0 0 0.01
x -22 1368 4 1371 4 24 p6
g 768 1328 800 1328 0
g 960 1328 1008 1328 0
162 768 1264 768 1328 2 default-led 1 0 0 0.01
162 960 1264 960 1328 2 default-led 1 0 0 0.01
x 769 1372 795 1375 4 24 p2
x 958 1374 984 1377 4 24 p1
w 720 288 720 480 0
w 720 480 960 480 0
w 960 1264 960 480 0
w 128 1056 128 992 0
w 128 992 -64 992 0
w -64 992 -64 1280 0
w -64 1280 -16 1280 0
w 128 1120 144 1120 0
w 144 1120 144 1264 0
w 304 1120 336 1120 0
w 336 1120 336 1264 0
w 672 608 768 608 0
w 768 1264 768 608 0
w 512 1264 512 1120 0
w 448 1120 512 1120 0
w 448 1056 560 1056 0
w 560 1056 560 1184 0
w 560 1184 208 1184 0
w 208 1120 208 1184 0
w 304 1056 320 1056 0
w 320 1056 320 1216 0
w 320 1216 32 1216 0
w 32 1120 32 1216 0
w 240 880 240 992 0
w 208 1056 208 992 0
w 208 992 240 992 0
w 352 1056 352 960 0
w 352 960 384 960 0
w 384 880 384 960 0
w 384 704 464 704 0
w 464 704 464 992 0
w 464 992 336 992 0
w 352 1088 336 1088 0
w 336 992 336 1088 0
w 672 640 672 752 0
w 288 704 288 752 0
w 288 752 672 752 0
w 384 640 384 768 0
w 384 768 144 768 0
w 112 704 112 752 0
w 112 752 144 752 0
w 144 768 144 752 0
w 176 544 176 576 0
w 112 640 112 576 0
w 112 576 176 576 0
w 416 288 416 576 0
w 416 576 288 576 0
w 288 640 288 576 0
w 336 544 336 592 0
w 336 592 272 592 0
w 288 672 272 672 0
w 272 672 272 592 0
w 576 640 480 640 0
w 480 544 480 640 0
w 704 192 704 -48 0
w 704 -48 672 -48 0
w 672 -48 672 416 0
w 576 288 576 608 0
w 320 448 320 416 0
w 320 416 448 416 0
w 448 416 448 352 0
w 512 352 448 352 0
w 464 448 464 416 0
w 320 448 256 448 0
w 224 784 224 752 0
w 224 752 256 752 0
w 256 752 256 448 0
w 672 416 672 544 0
w 368 784 368 736 0
w 368 736 528 736 0
w 672 544 528 544 0
w 528 736 528 544 0
w 400 784 256 784 0
w 256 784 96 784 0
w 192 448 352 448 0
w 352 448 496 448 0
w 2240 208 2240 -80 0
w 2320 208 2240 208 0
w 2256 176 2256 -112 0
w 2320 176 2256 176 0
w 2272 144 2272 -144 0
w 2320 144 2272 144 0
w 2320 112 2320 -176 0
w 2512 112 2512 -48 0
w 2592 144 2592 -16 0
w 2512 144 2592 144 0
w 2512 176 2624 176 0
w 2624 16 2624 176 0
w 1712 16 2624 16 0
! преобразоватиль 0 32,16,8,4,2 40,20,10,8,4,2 преобразоватиль 00000\q000000\n00001\q000001\n00010\q000010\n00011\q000011\n00100\q000100\n00101\q001000\n00110\q001001\n00111\q001010\n01000\q001011\n01001\q001100\n01010\q010000\n01011\q010001\n01100\q010010\n01101\q010011\n01110\q010100\n01111\q011000\n10000\q011001\n10001\q011010\n10010\q011011\n10011\q011100\n10100\q100000\n10101\q100001\n10110\q100010\n10111\q100011\n11000\q100100\n11001\q101000\n11010\q101001\n11011\q101010\n11100\q101011\n11101\q101100\n11110\q110000\n11111\q110001\n
208 1376 736 1392 736 0 преобразоватиль 0 0 0 0 0 0
157 1936 112 1952 112 0 7 0 -1
! deshift 0 8,4,2,1 a,b,c,d,e,f,g deshift 1001\q0000100\n1000\q0000000\n0111\q0001111\n0110\q0100000\n0101\q0100100\n0100\q1001100\n0011\q0000110\n0010\q0010010\n0001\q1001111\n0000\q0000001\n1010\q0001000\n1011\q1100000\n1100\q0110001\n1101\q1000010\n1110\q0110000\n1111\q0111000\n
208 1536 112 1584 112 0 deshift 0 0 0 0 0 0 5
r 1632 112 1712 112 0 1000
r 1632 144 1712 144 0 1000
r 1632 176 1712 176 0 1000
r 1632 208 1712 208 0 1000
r 1632 240 1712 240 0 1000
r 1632 272 1712 272 0 1000
r 1632 304 1712 304 0 1000
172 2128 208 2128 256 0 7 5 5 0 0 0.5 Voltage
w 1936 112 1712 112 0
w 1712 144 1936 144 0
w 1712 176 1936 176 0
w 1712 208 1936 208 0
w 1712 240 1920 240 0
w 1920 240 1920 320 0
w 1920 320 2192 320 0
w 2192 320 2192 112 0
w 2128 112 2192 112 0
w 1712 272 1904 272 0
w 1904 272 1904 336 0
w 1904 336 2208 336 0
w 2208 336 2208 144 0
w 2128 144 2208 144 0
w 1712 304 2176 304 0
w 2176 304 2176 176 0
w 2176 176 2128 176 0
w 1712 -16 2592 -16 0
w 1712 -48 2512 -48 0
w 1712 -80 2240 -80 0
w 1712 -112 2256 -112 0
w 1712 -144 2272 -144 0
w 2320 -176 1712 -176 0
172 2512 208 2512 256 0 7 5 5 0 0 0.5 Voltage
r 1632 16 1712 16 0 1000
r 1632 -16 1712 -16 0 1000
r 1632 -48 1712 -48 0 1000
r 1632 -80 1712 -80 0 1000
r 1632 -112 1712 -112 0 1000
r 1632 -144 1712 -144 0 1000
r 1632 -176 1712 -176 0 1000
208 1536 -176 1584 -176 0 deshift 0 0 0 0 0 0 5
157 2320 112 2336 112 0 7 0 -1
! shif 0 7,6,5,4,3,2,1 i4,i2,i1 shif 0000000\q000\n0000001\q001\n0000010\q010\n0000100\q011\n0001000\q100\n0010000\q101\n0100000\q110\n1000000\q111\n\n\n
208 112 -112 160 -112 0 shif 0 0 0
L 112 80 48 80 2 0 false 5 0
L 112 16 48 16 2 0 false 5 0
L 112 -16 48 -16 2 0 false 5 0
L 112 48 48 48 2 0 false 5 0
L 112 -112 48 -112 2 0 false 5 0
L 112 -80 48 -80 2 0 false 5 0
L 112 -48 48 -48 2 0 false 5 0
w 208 -48 672 -48 0
208 912 -48 960 -48 1024 shif 0 0 0
L 1008 112 1072 112 2 0 false 5 0
L 1008 80 1072 80 2 0 false 5 0
L 1008 144 1072 144 2 0 false 5 0
w 400 784 864 784 0
w 864 784 880 -16 0
w 960 1264 1264 1264 0
w 768 1264 880 1264 0
w 880 1264 880 784 0
w 512 1264 672 1264 0
w 672 1264 672 848 0
w 336 1264 432 1264 0
w 432 1264 432 1440 0
w 432 1440 1152 1440 0
w 1152 992 1152 1440 0
w 144 1264 256 1264 0
w 256 1264 256 1456 0
w -16 1280 1328 1280 0
L 1008 48 1072 48 2 0 false 5 0
L 1008 -16 1072 -16 2 0 false 5 0
L 1008 16 1072 16 2 0 false 5 0
L 1008 -48 1072 -48 2 0 false 5 0
w 672 416 464 416 0
w 912 -16 800 -16 0
w 800 -16 800 448 0
w 496 448 800 448 0
w 208 -80 512 -80 0
w 512 -80 512 0 0
w 208 -112 368 -112 0
w 368 -112 368 64 0
w 432 192 592 192 0
w 592 192 736 192 0
w 736 192 912 192 0
w 912 192 912 16 0
w 880 -16 880 -48 0
w 880 -48 912 -48 0
w 1328 1280 1328 736 0
w 1328 736 1376 736 0
w 1376 768 1344 768 0
w 1344 768 1344 1424 0
w 1344 1424 1344 1456 0
w 1344 1456 256 1456 0
w 1152 992 1152 800 0
w 1152 800 1376 800 0
w 672 848 1376 832 0
w 880 784 1376 864 0
w 1264 1264 1264 640 0
w 1264 640 1264 -32 0
w 1536 -80 1264 -80 0
w 1264 -80 1264 -32 0
w 1472 736 1472 144 0
w 1472 144 1536 144 0
w 1472 768 1488 768 0
w 1488 768 1488 176 0
w 1488 176 1536 176 0
w 1472 800 1504 800 0
w 1504 800 1504 208 0
w 1504 208 1536 208 0
w 1472 832 1472 80 0
w 1472 80 1472 -176 0
w 1472 -176 1536 -176 0
w 1472 864 1488 864 0
w 1488 864 1488 -144 0
w 1488 -144 1536 -144 0
w 1472 896 1504 896 0
w 1504 896 1504 -112 0
w 1504 -112 1536 -112 0
