$ 1 0.000005 0.20306040966347483 30 5 50
w 432 -80 432 -96 0
w 1040 -112 1040 -128 0
w 928 -112 928 -128 0
g 976 -112 960 -112 0
g 864 -112 832 -112 0
162 1024 -112 976 -112 2 default-led 1 0 0 0.01
162 912 -112 864 -112 2 default-led 1 0 0 0.01
g 672 -240 672 -256 0
g 736 -240 736 -256 0
g 800 -240 800 -256 0
162 672 -208 672 -240 2 default-led 1 0 0 0.01
162 736 -208 736 -240 2 default-led 1 0 0 0.01
162 800 -208 800 -240 2 default-led 1 0 0 0.01
L 1040 -128 1040 -160 2 0 false 5 0
L 928 -128 928 -160 2 0 false 5 0
L 416 -208 416 -224 2 1 false 5 0
w 656 -64 608 -64 0
w 400 -80 432 -80 0
w 432 -48 432 -80 0
w 608 -64 608 -176 0
w 496 -96 496 -128 0
w 544 -96 496 -96 0
w 544 -48 544 -96 0
w 1040 -80 1040 -112 0
w 688 -80 1040 -80 0
w 576 -80 688 -80 0
w 464 -80 576 -80 0
w 688 -48 688 -80 0
w 576 -48 576 -80 0
w 464 -64 464 -80 0
150 672 -48 672 32 0 2 0 5
150 448 -48 448 32 0 2 0 5
150 560 -48 560 32 0 2 0 5
w 1040 -112 1024 -112 0
w 928 -112 912 -112 0
L 544 -208 544 -224 2 1 false 5 0
L 480 -208 480 -224 2 0 false 5 0
162 608 -208 608 -240 2 default-led 1 0 0 0.01
g 608 -240 608 -256 0
150 352 -48 352 32 0 2 0 5
w 368 -64 464 -64 0
w 656 -48 656 -64 0
w 368 -48 368 -64 0
w 464 -48 464 -64 0
w 336 -64 336 -96 0
L 352 -208 352 -224 2 0 false 5 0
150 160 128 160 208 0 2 0 5
150 368 128 368 208 0 2 0 5
150 256 128 256 208 0 2 0 5
150 480 128 480 208 0 2 0 5
196 32 272 96 272 0
196 176 272 240 272 0
196 320 272 384 272 0
195 560 240 608 240 0
w 672 32 720 32 0
w 720 32 720 352 0
w 480 208 480 272 0
w 560 272 480 272 0
w 560 32 560 240 0
w 656 240 688 240 0
w 336 -48 336 -64 0
w 288 -64 336 -64 0
w 400 -80 400 32 0
w 288 -64 288 32 0
w 496 -96 496 32 0
w 608 -64 608 96 0
w 608 96 464 96 0
w 464 96 464 128 0
w 928 -112 928 80 0
w 928 80 496 80 0
w 496 80 384 80 0
w 384 80 272 80 0
w 272 80 176 80 0
w 176 80 176 128 0
w 272 80 272 128 0
w 384 80 384 128 0
w 496 80 496 128 0
w 688 240 688 416 0
w 240 128 240 64 0
w 240 64 400 64 0
w 400 64 400 32 0
w 352 128 352 112 0
w 352 112 512 112 0
w 512 112 512 32 0
w 512 32 496 32 0
w 144 128 144 32 0
w 144 32 288 32 0
w 656 272 656 368 0
w 656 368 320 368 0
w 320 368 320 336 0
w 416 336 416 448 0
w 416 272 448 272 0
w 448 272 448 400 0
w 448 400 176 400 0
w 176 400 176 336 0
w 272 272 288 272 0
w 288 272 288 432 0
w 288 432 32 432 0
w 32 432 32 336 0
w 128 336 128 448 0
w 272 336 272 448 0
w 32 272 32 224 0
w 448 32 448 224 0
w 448 224 320 224 0
w 320 224 320 272 0
w 368 208 304 208 0
w 304 208 304 304 0
w 304 304 320 304 0
w 352 32 304 32 0
w 304 32 304 192 0
w 304 192 288 192 0
w 288 192 288 224 0
w 288 224 176 224 0
w 176 224 176 272 0
w 160 208 32 208 0
w 32 224 32 208 0
w 256 208 192 208 0
w 192 208 192 240 0
w 192 240 160 240 0
w 160 240 160 304 0
w 160 304 176 304 0
w 128 272 144 272 0
w 144 272 144 464 0
w 144 464 -32 464 0
w -32 464 -32 576 0
w 128 448 128 576 0
w 272 448 272 544 0
w 416 448 416 512 0
g 752 352 768 352 0
162 720 352 752 352 2 default-led 1 0 0 0.01
162 688 416 720 416 2 default-led 1 0 0 0.01
g 720 416 736 416 0
162 416 512 448 512 2 default-led 1 0 0 0.01
g 448 512 464 512 0
162 272 544 304 544 2 default-led 1 0 0 0.01
g 304 544 320 544 0
162 128 576 176 576 2 default-led 1 0 0 0.01
g 176 576 192 576 0
162 -32 576 0 576 2 default-led 1 0 0 0.01
g 0 576 16 576 0
w -32 576 -32 608 0
w -32 608 -32 656 0
w -32 656 800 656 0
w 128 576 128 608 0
w 128 608 832 608 0
w 272 544 272 576 0
w 272 576 848 576 0
! Шифр 0 32,16,8,4,2 40,20,10,8,4,2 Шифр 00000\q000000\n00001\q000001\n00010\q000010\n00011\q000011\n00100\q000100\n00101\q001000\n00110\q001001\n00111\q001010\n01000\q001011\n01001\q001100\n01010\q010000\n01011\q010001\n01100\q010010\n01101\q010011\n01110\q010100\n01111\q011000\n10000\q011001\n10001\q011010\n10010\q011011\n10011\q011100\n10100\q100000\n10101\q100001\n10110\q100010\n10111\q100011\n11000\q100100\n11001\q101000\n11010\q101001\n11011\q101010\n11100\q101011\n11101\q101100\n11110\q110000\n11111\q010001\n00000\q110010\n00001\q110011\n00010\q110100\n00011\q111000\n00100\q111001\n00101\q111010\n00110\q111011\n00111\q111100\n01000\q000000\n01001\q000001\n01010\q000010\n01011\q000011\n01100\q000100\n01101\q001000\n01110\q001001\n01111\q001010\n10000\q001011\n10001\q001100\n10010\q000000\n10011\q000001\n10100\q000010\n10101\q000011\n10110\q000100\n10111\q001000\n11000\q001001\n11001\q001010\n11010\q001011\n11011\q001100\n11100\q010000\n11101\q010001\n11110\q010010\n11111\q010011\n
208 880 480 912 480 0 Шифр 0 0 0 0 0 0
w 800 656 800 480 0
w 800 480 880 480 0
w 832 608 832 512 0
w 832 512 880 512 0
w 848 576 848 544 0
w 848 544 880 544 0
w 416 512 416 560 0
w 416 560 864 560 0
w 864 560 864 576 0
w 864 576 880 576 0
w 688 416 688 624 0
w 688 624 880 624 0
w 880 624 880 608 0
w 720 352 720 688 0
w 720 688 976 688 0
157 1568 -128 1584 -128 0 7 0 0
157 1360 -128 1392 -128 0 7 0 0
197 1184 -400 1216 -400 0
197 1184 -128 1216 -128 0
w 976 480 1072 480 0
w 976 512 1072 512 0
w 976 544 1072 544 0
w 976 576 1008 576 0
w 1008 576 1008 176 0
w 976 608 1024 608 0
w 1024 608 1024 208 0
w 976 640 1040 640 0
w 1040 640 1040 240 0
w 976 688 1056 688 0
w 1056 688 1056 272 0
w 1312 -128 1360 -128 0
w 1312 -96 1360 -96 0
w 1312 -64 1360 -64 0
w 1312 -32 1360 -32 0
w 1312 0 1424 0 0
w 1312 32 1456 32 0
w 1456 32 1456 0 0
w 1312 64 1488 64 0
w 1488 64 1488 0 0
w 1312 -400 1568 -400 0
w 1568 -400 1568 -128 0
w 1312 -368 1552 -368 0
w 1552 -368 1552 -96 0
w 1552 -96 1568 -96 0
w 1312 -336 1536 -336 0
w 1536 -336 1536 -64 0
w 1536 -64 1568 -64 0
w 1312 -304 1520 -304 0
w 1520 -304 1520 -32 0
w 1520 -32 1568 -32 0
w 1312 -272 1728 -272 0
w 1728 -272 1728 32 0
w 1728 32 1632 32 0
w 1632 0 1632 32 0
w 1664 0 1664 16 0
w 1696 0 1744 0 0
w 1744 0 1744 -208 0
w 1744 -208 1312 -208 0
w 1312 -240 1760 -240 0
w 1760 -240 1760 16 0
w 1760 16 1664 16 0
w 336 -96 336 -208 0
w 336 -208 352 -208 0
w 432 -96 432 -208 0
w 432 -208 416 -208 0
w 480 -208 480 -96 0
w 480 -96 496 -96 0
w 544 -208 544 -128 0
w 544 -128 656 -128 0
w 656 -128 656 -64 0
w 608 -176 800 -176 0
w 800 -176 800 -208 0
w 496 -128 736 -128 0
w 736 -128 736 -208 0
w 432 -80 672 -80 0
w 672 -80 672 -208 0
w 336 -64 592 -64 0
w 592 -64 592 -96 0
w 592 -96 608 -96 0
w 608 -96 608 -208 0
w 1056 272 1152 272 0
w 1152 272 1152 -304 0
w 1152 -304 1184 -304 0
w 1040 240 1120 240 0
w 1120 240 1136 240 0
w 1136 240 1136 -336 0
w 1136 -336 1184 -336 0
w 1024 208 1120 208 0
w 1120 208 1120 -368 0
w 1120 -368 1184 -368 0
w 1008 176 1104 176 0
w 1104 176 1104 -400 0
w 1104 -400 1184 -400 0
w 1072 544 1184 544 0
w 1184 544 1184 -32 0
w 1072 512 1168 512 0
w 1168 512 1168 -64 0
w 1168 -64 1184 -64 0
w 1072 480 1152 480 0
w 1152 480 1152 -96 0
w 1152 -96 1184 -96 0
